{"losses_sum_log": {"0": 0.15358325225833036, "100": 0.15615800871003227, "200": 0.15421792730400355, "300": 0.15159588095249482, "400": 0.15216849496187557, "500": 0.1528500226204031, "600": 0.15084950199704267, "700": 0.14026139824496453, "800": 0.14141790146492167, "900": 0.1410130044109218, "1000": 0.1388584690274977, "1100": 0.13699757856251404, "1200": 0.13720663188098242, "1300": 0.1369884259970169, "1400": 0.1368017348269825, "1500": 0.1373933230510168, "1600": 0.13699757856251404, "1700": 0.13909197315632527, "1800": 0.14197102317927612, "1900": 0.14300536114876078, "2000": 0.14126084846475173, "2100": 0.1376002171013076, "2200": 0.1365926815085141, "2300": 0.13796577642547955, "2400": 0.1365926815085141, "2500": 0.1365926815085141, "2600": 0.1371341478942844, "2800": 0.13751759845775627, "2900": 0.13791334294625907, "3100": 0.13791334294625907, "3300": 0.1411868865417056, "3400": 0.13751759845775627, "3800": 0.1369835604547678, "3900": 0.13819060631246868, "4000": 0.1369835604547678, "4100": 0.1369835604547678, "4200": 0.13732175472222474, "4300": 0.13738845750876771, "4400": 0.13738845750876771, "4500": 0.14139593986017399, "4600": 0.13785241204501175, "4700": 0.14182635707707245, "4800": 0.13939918672381732, "4900": 0.1398895311692554}, "best_id": 2200, "min_losses_sum_log": {"0": 0.15358325225833036, "300": 0.15159588095249482, "600": 0.15084950199704267, "700": 0.14026139824496453, "1000": 0.1388584690274977, "1100": 0.13699757856251404, "1300": 0.1369884259970169, "1400": 0.1368017348269825, "2200": 0.1365926815085141}, "min_losses_log": {"0": [0.03441298537979638, 0.029444948173528513, 0.04047068060869396, 0.04925463809631149], "300": [0.03695284628500454, 0.032189975564090645, 0.03652288469188842, 0.04593017441151124], "600": [0.03563278570313627, 0.032189975564090645, 0.03652288469188841, 0.04650385603792734], "700": [0.035632785703136265, 0.03554136825040083, 0.04122060074285467, 0.027866643548572753], "1000": [0.03271153064779762, 0.03641021984064477, 0.04122060074285467, 0.028516117796200675], "1100": [0.031713722151614616, 0.03554136825040083, 0.04122060074285468, 0.028521887417643915], "1300": [0.031713722151614616, 0.035937112738903626, 0.04081570368885476, 0.028521887417643915], "1400": [0.031713722151614616, 0.0357504215688692, 0.04081570368885477, 0.028521887417643915], "2200": [0.031713722151614616, 0.03554136825040083, 0.04081570368885476, 0.028521887417643915]}, "min_routes_log": {"0": [[0.0, 13.0, 11.0, 15.0, 18.0, 30.0, 19.0, 16.0, 8.0], [7.0, 25.0, 27.0, 31.0, 6.0, 1.0], [2.0, 24.0, 26.0, 32.0, 29.0, 22.0, 20.0], [3.0, 4.0, 5.0, 12.0, 10.0, 9.0, 14.0, 17.0, 28.0, 21.0, 23.0]], "300": [[4.0, 12.0, 11.0, 15.0, 18.0, 30.0, 19.0, 16.0, 13.0, 8.0, 0.0, 5.0], [25.0, 26.0, 27.0, 31.0, 6.0, 1.0, 7.0], [20.0, 2.0, 24.0, 32.0, 29.0, 22.0, 23.0], [3.0, 10.0, 9.0, 14.0, 17.0, 28.0, 21.0]], "600": [[4.0, 11.0, 15.0, 18.0, 30.0, 19.0, 16.0, 13.0, 8.0, 0.0, 5.0], [1.0, 7.0, 25.0, 26.0, 27.0, 31.0, 6.0], [2.0, 24.0, 32.0, 29.0, 22.0, 23.0, 20.0], [14.0, 17.0, 9.0, 28.0, 21.0, 10.0, 3.0, 12.0]], "700": [[11.0, 15.0, 18.0, 30.0, 19.0, 16.0, 13.0, 8.0, 0.0, 5.0, 4.0], [7.0, 24.0, 25.0, 26.0, 27.0, 31.0, 6.0, 1.0], [2.0, 20.0, 32.0, 29.0, 28.0, 21.0, 22.0, 23.0], [3.0, 12.0, 14.0, 17.0, 9.0, 10.0]], "1000": [[15.0, 18.0, 30.0, 19.0, 16.0, 8.0, 0.0, 5.0, 13.0], [24.0, 25.0, 26.0, 27.0, 31.0, 6.0, 7.0, 1.0], [2.0, 20.0, 32.0, 29.0, 28.0, 21.0, 22.0, 23.0], [11.0, 14.0, 17.0, 9.0, 10.0, 12.0, 4.0, 3.0]], "1100": [[15.0, 18.0, 30.0, 19.0, 16.0, 8.0, 0.0, 13.0], [24.0, 25.0, 26.0, 27.0, 31.0, 6.0, 1.0, 7.0], [23.0, 2.0, 20.0, 32.0, 29.0, 28.0, 21.0, 22.0], [5.0, 11.0, 14.0, 17.0, 9.0, 10.0, 12.0, 4.0, 3.0]], "1300": [[13.0, 15.0, 18.0, 30.0, 19.0, 16.0, 8.0, 0.0], [6.0, 1.0, 7.0, 24.0, 26.0, 27.0, 31.0, 25.0], [20.0, 22.0, 32.0, 29.0, 28.0, 21.0, 23.0, 2.0], [5.0, 11.0, 14.0, 17.0, 9.0, 10.0, 12.0, 4.0, 3.0]], "1400": [[13.0, 15.0, 18.0, 30.0, 19.0, 16.0, 8.0, 0.0], [1.0, 7.0, 24.0, 26.0, 25.0, 27.0, 31.0, 6.0], [2.0, 20.0, 22.0, 32.0, 29.0, 28.0, 21.0, 23.0], [11.0, 14.0, 17.0, 9.0, 10.0, 12.0, 4.0, 3.0, 5.0]], "2200": [[13.0, 15.0, 18.0, 30.0, 19.0, 16.0, 8.0, 0.0], [1.0, 7.0, 24.0, 25.0, 26.0, 27.0, 31.0, 6.0], [20.0, 22.0, 32.0, 29.0, 28.0, 21.0, 23.0, 2.0], [11.0, 14.0, 17.0, 9.0, 10.0, 12.0, 4.0, 3.0, 5.0]]}}